file where AI is wrong : 455 / 1269 => 35,86 %

7
9
12
14
16
19
20
21
22
40
42
43
48
49
51
52
53
56
59
61
69
70
73
76
80
83
85
89
90
96
99
102
103
105
106
108
111
118
120
127
131
135
139
150
152
166
168
169
170
171
173
175
177
179
180
181
182
183
184
185
186
187
192
194
195
197
199
200
201
202
205
208
213
214
215
216
218
222
223
225
226
233
234
237
243
244
253
255
263
265
266
267
269
271
273
274
278
279
280
281
284
285
289
306
310
315
320
326
332
335
337
344
347
352
355
357
360
361
364
365
368
371
373
384
385
392
394
395
398
402
408
411
418
419
421
425
426
428
432
433
435
439
440
442
450
451
452
453
455
459
468
479
480
482
484
487
489
492
494
495
496
498
499
500
501
502
503
510
511
512
515
518
520
521
522
525
526
527
529
540
542
543
548
550
553
556
558
565
566
570
575
577
579
582
585
590
593
594
595
598
602
603
604
607
609
610
611
612
613
614
616
624
626
627
629
630
631
632
634
635
636
638
646
648
649
653
654
655
656
658
661
662
663
665
666
671
672
674
676
678
686
690
692
694
701
702
703
705
711
713
714
715
716
718
722
724
727
731
733
734
735
737
738
739
740
741
745
746
749
752
761
763
765
766
768
769
770
771
774
775
776
777
778
785
790
791
793
794
795
796
797
803
804
808
809
812
813
814
815
816
817
820
823
824
825
826
829
830
832
833
835
842
843
844
847
850
852
855
856
862
864
869
871
874
883
885
889
891
895
896
898
899
902
903
907
908
911
919
922
929
931
932
939
940
943
944
945
946
949
950
952
953
954
957
959
960
961
963
968
972
978
982
987
990
993
994
998
999
1000
1002
1005
1007
1009
1010
1011
1015
1017
1018
1023
1024
1025
1028
1030
1035
1037
1038
1040
1041
1045
1046
1047
1056
1058
1059
1062
1063
1064
1071
1072
1075
1077
1078
1080
1083
1085
1090
1091
1099
1102
1106
1118
1119
1121
1127
1129
1131
1136
1139
1145
1146
1147
1177
1179
1187
1189
1190
1197
1198
1203
1206
1207
1209
1213
1215
1217
1225
1226
1229
1236
1238
1241
1242
1243
1245
1249
1250
1251
1254
1255
1260
1261
1262
1263
1265
1266