file where AI is wrong : 367 / 1252 => 29, 31 %

0
9
11
14
15
21
23
24
32
33
34
39
40
44
45
47
64
65
66
67
68
69
70
80
81
82
85
91
94
96
100
102
104
105
115
121
127
128
140
141
142
148
150
152
153
156
157
159
162
163
164
165
167
169
171
179
180
182
185
187
193
194
197
200
201
202
203
206
207
209
211
212
214
216
219
222
224
225
226
229
231
232
236
238
241
243
250
251
253
279
284
286
289
290
293
299
305
312
315
322
334
335
336
338
339
343
346
347
350
352
354
355
356
357
367
370
373
378
381
383
387
393
394
400
411
413
415
421
427
433
434
437
440
441
450
454
458
466
471
474
475
476
478
480
482
488
496
497
498
499
500
508
512
514
517
518
521
523
526
532
535
536
537
539
543
545
549
550
555
556
558
562
564
568
569
570
579
580
584
585
586
589
590
593
595
596
599
602
603
604
606
607
608
609
611
623
624
627
628
629
630
637
641
642
646
648
649
652
668
681
685
687
689
693
694
695
696
723
738
739
745
746
750
754
762
764
771
783
785
789
790
801
810
814
822
828
829
833
835
836
840
841
845
846
847
848
853
861
862
869
872
878
883
884
885
889
893
898
899
906
912
916
918
920
922
926
932
935
942
943
945
947
948
949
951
958
962
964
966
971
996
999
1005
1007
1008
1009
1017
1018
1019
1031
1034
1036
1037
1042
1043
1044
1047
1051
1056
1057
1070
1076
1077
1080
1081
1083
1084
1086
1087
1089
1091
1092
1103
1104
1106
1108
1110
1113
1118
1123
1126
1129
1130
1134
1138
1139
1140
1141
1142
1143
1144
1146
1148
1153
1156
1157
1158
1168
1170
1173
1176
1179
1180
1181
1185
1187
1188
1189
1190
1191
1197
1199
1201
1205
1206
1207
1210
1214
1218
1219
1227
1228
1231
1232
1233
1234
1237