file where AI is wrong : 663 / 2202 => 30,10 %

0
1
5
7
8
9
14
15
24
26
34
36
39
40
47
48
60
78
97
102
103
110
115
118
120
121
122
124
125
132
133
134
137
138
141
146
151
152
153
158
159
162
163
166
167
173
180
181
183
188
210
211
212
213
215
218
223
224
225
226
227
231
233
235
238
239
240
242
244
246
247
254
255
257
258
260
278
281
283
284
286
288
293
294
296
297
298
299
300
304
305
310
312
325
332
335
336
338
347
356
357
363
366
367
372
373
377
381
383
384
385
397
402
404
405
409
413
415
416
417
418
420
423
424
435
438
444
449
451
455
456
457
458
462
464
468
471
473
483
484
487
488
490
494
508
511
513
514
515
520
525
536
539
543
546
548
554
556
557
559
560
561
562
567
572
574
577
582
583
586
587
592
600
601
602
609
614
623
625
626
632
634
635
644
646
652
653
656
659
661
662
663
665
669
672
673
679
688
696
703
704
710
712
716
720
730
731
734
736
737
738
739
742
745
751
753
754
756
758
760
761
767
772
773
778
779
780
784
788
791
794
807
811
813
819
824
826
828
829
837
839
842
843
844
849
851
854
856
861
863
865
871
872
875
887
892
900
901
905
909
918
923
929
932
939
941
943
950
954
955
957
958
960
968
969
971
972
979
983
989
990
991
993
995
998
999
1000
1005
1007
1008
1013
1017
1020
1021
1022
1023
1026
1028
1036
1037
1039
1040
1048
1059
1060
1064
1065
1069
1070
1074
1075
1077
1085
1086
1088
1091
1092
1094
1096
1100
1101
1102
1104
1112
1114
1116
1117
1120
1121
1122
1123
1126
1129
1130
1131
1133
1139
1141
1148
1153
1156
1159
1162
1164
1165
1171
1172
1179
1195
1196
1198
1199
1201
1209
1210
1211
1215
1216
1227
1228
1229
1235
1238
1241
1242
1247
1248
1250
1251
1260
1261
1262
1263
1267
1272
1277
1287
1289
1292
1296
1297
1299
1309
1312
1317
1326
1327
1328
1334
1335
1337
1341
1342
1343
1345
1346
1349
1352
1353
1354
1355
1357
1358
1359
1361
1364
1366
1374
1376
1379
1383
1384
1390
1396
1398
1401
1404
1406
1408
1410
1413
1416
1419
1424
1433
1439
1440
1445
1446
1450
1454
1456
1457
1458
1459
1462
1471
1472
1474
1476
1479
1480
1481
1482
1486
1492
1495
1500
1501
1504
1506
1508
1515
1521
1524
1530
1533
1539
1540
1547
1560
1564
1569
1573
1575
1581
1583
1585
1588
1592
1595
1599
1602
1605
1611
1617
1618
1619
1622
1625
1627
1628
1629
1630
1634
1635
1637
1641
1644
1647
1648
1649
1650
1652
1655
1657
1658
1660
1666
1672
1673
1675
1679
1680
1681
1686
1688
1693
1695
1697
1699
1701
1704
1706
1711
1715
1718
1724
1726
1727
1730
1731
1732
1737
1738
1741
1746
1749
1750
1751
1754
1759
1763
1773
1774
1782
1785
1787
1790
1795
1797
1798
1808
1817
1821
1822
1823
1831
1835
1836
1837
1839
1841
1842
1843
1844
1845
1849
1852
1853
1855
1856
1863
1864
1868
1871
1874
1881
1883
1885
1886
1887
1888
1890
1896
1920
1928
1930
1933
1936
1937
1939
1942
1943
1947
1948
1951
1955
1956
1963
1968
1970
1988
1990
1993
1997
2002
2004
2010
2011
2019
2021
2031
2033
2036
2038
2042
2046
2049
2050
2053
2055
2059
2060
2061
2062
2063
2064
2065
2066
2067
2068
2069
2070
2072
2073
2078
2083
2084
2088
2090
2094
2095
2096
2097
2098
2101
2102
2103
2105
2106
2108
2114
2119
2121
2123
2133
2138
2140
2145
2148
2158
2159
2163
2165
2166
2171
2175
2177
2179
2182
2191
2199